   0/19999     1.94G   0.09479   0.02711   0.03801    0.1599         2       640   0.01535  0.001035   0.02525  0.004363   0.07638   0.02755    0.0285
   1/19999     1.99G   0.07996   0.02483   0.02178    0.1266         5       640    0.1302    0.2073   0.09073   0.01653   0.06813     0.025   0.01206
   2/19999     1.99G   0.07579    0.0239   0.01475    0.1144         1       640    0.1107    0.3243    0.1144   0.02739    0.0677   0.02496   0.01216
   3/19999     1.99G   0.07102   0.02438   0.01308    0.1085         1       640    0.1723    0.4174    0.1925   0.04886   0.05921   0.02392  0.007498
   4/19999     1.99G   0.06633   0.02389   0.01111    0.1013         1       640    0.2216    0.5431    0.2794   0.09128   0.05687   0.02307  0.007023
   5/19999     1.99G   0.06369   0.02345  0.009795   0.09694         4       640    0.1931    0.6247    0.2579   0.07557   0.05607   0.02302   0.00499
   6/19999     1.99G   0.06071   0.02282  0.009015   0.09255         1       640    0.2136    0.6347    0.2827   0.08081    0.0535   0.02323  0.004051
   7/19999     1.99G   0.05965   0.02287  0.008389   0.09091         4       640    0.2428    0.6627     0.328   0.09926   0.05113   0.02286  0.004135
   8/19999     1.99G   0.05748   0.02309  0.008025    0.0886         2       640    0.2484    0.7229    0.3727    0.1154   0.05095    0.0225  0.004082
   9/19999     1.99G   0.05597    0.0227  0.007296   0.08597         2       640    0.2527    0.6944    0.4087    0.1294    0.0491   0.02231  0.003524
  10/19999     1.99G   0.05541   0.02249  0.007216   0.08512         4       640     0.248    0.7169    0.3989    0.1449   0.04955   0.02179  0.003479
  11/19999     1.99G   0.05376    0.0226  0.007324   0.08368         2       640    0.2758    0.7217    0.4345    0.1303   0.04884   0.02178  0.003166
  12/19999     1.99G   0.05318   0.02228  0.006304   0.08176         0       640    0.2668    0.7152     0.308   0.09562   0.04879   0.02308  0.002858
  13/19999     1.99G   0.05257   0.02189  0.006127   0.08059         1       640    0.3137    0.7173    0.4864    0.1834   0.04614   0.02058   0.00275
  14/19999     1.99G   0.05187   0.02215  0.006297   0.08031         2       640    0.2802    0.7523     0.439    0.1573   0.04648   0.02121  0.002762
  15/19999     1.99G   0.05152   0.02157  0.005957   0.07904         3       640    0.2848    0.7382    0.4203    0.1474   0.04636   0.02178  0.002775
  16/19999     1.99G   0.05069   0.02206  0.005904   0.07865         2       640    0.2755    0.7741    0.4035    0.1507   0.04583   0.02138  0.002615
  17/19999     1.99G   0.04991   0.02169  0.005668   0.07727         1       640    0.3154    0.7619    0.4426    0.1617   0.04595   0.02084  0.002162
  18/19999     1.99G   0.04995   0.02148  0.005574   0.07701         1       640    0.3126    0.7435    0.4031    0.1579   0.04514   0.02165  0.002263
  19/19999     1.99G   0.04919   0.02156  0.005628   0.07638         2       640    0.3121    0.7531    0.4033     0.154   0.04448   0.02214  0.002628
  20/19999     1.99G   0.04846   0.02116  0.004931   0.07455         1       640    0.3093    0.7699    0.4288    0.1746   0.04404   0.02124  0.002119
  21/19999     1.99G   0.04864   0.02137  0.005267   0.07528         3       640    0.3085    0.7777     0.427    0.1756   0.04512   0.02093  0.001915
  22/19999     1.99G   0.04707   0.02152  0.004823   0.07341         1       640    0.2995     0.784    0.4853    0.1884   0.04466   0.02102  0.002026
  23/19999     1.99G    0.0468   0.02125  0.004821   0.07287         3       640     0.331    0.7781    0.3906    0.1498   0.04565   0.02156  0.001589
  24/19999     1.99G   0.04655   0.02117  0.004685    0.0724         3       640    0.3204    0.7894    0.4668    0.1727   0.04436   0.02152  0.002194
  25/19999     1.99G   0.04648   0.02027  0.004597   0.07135         2       640    0.3347     0.801    0.4113    0.1484   0.04443   0.02161  0.002346
  26/19999     1.99G   0.04609    0.0211  0.004461   0.07165         3       640    0.3351    0.8046    0.4531    0.1808   0.04292   0.02121  0.001946
  27/19999     1.99G   0.04603   0.02124  0.004902   0.07218         0       640    0.3131    0.7726    0.4245    0.1588   0.04366   0.02231  0.001895
  28/19999     1.99G   0.04571   0.02058   0.00445   0.07074         2       640    0.3191    0.7995    0.3866    0.1498   0.04332   0.02119  0.001916
  29/19999     1.99G   0.04494   0.02082  0.004788   0.07054         1       640    0.3428    0.7688      0.38    0.1447    0.0431   0.02275  0.001808
  30/19999     1.99G   0.04475   0.02085  0.004319   0.06991         5       640    0.3323    0.7792    0.3858    0.1436   0.04301   0.02185  0.002357
  31/19999     1.99G   0.04461   0.02027  0.004323    0.0692         1       640     0.337    0.8373    0.5391    0.2077   0.04268   0.01966  0.001657
  32/19999     1.99G    0.0445   0.02015  0.004282   0.06893         1       640    0.3281    0.8104    0.4804    0.1898   0.04184   0.02116  0.001714
  33/19999     1.99G   0.04356   0.02042  0.004195   0.06818         3       640    0.3458    0.7919    0.5159     0.203   0.04179   0.02138  0.001888
  34/19999     1.99G   0.04317   0.02075  0.004364   0.06828         2       640    0.3583    0.8305    0.5448    0.2198   0.04106   0.02118  0.001912
  35/19999     1.99G   0.04339   0.02058  0.004886   0.06886         2       640    0.3485    0.8231     0.477    0.1895   0.04154   0.02088  0.001644
  36/19999     1.99G   0.04359   0.02062  0.004155   0.06837         4       640    0.3414    0.8181    0.4035    0.1669   0.04176   0.02208  0.001626
  37/19999     1.99G   0.04382   0.02065  0.004382   0.06885         4       640    0.3626    0.8339    0.5025     0.204   0.04218   0.02128  0.001814
  38/19999     1.99G   0.04368   0.01984  0.004374   0.06789         2       640    0.3572     0.827    0.4724    0.1993   0.04142   0.02094   0.00197
  39/19999     1.99G   0.04297   0.01981  0.004165   0.06695         3       640    0.3804    0.7949    0.4794    0.1937   0.04118   0.02136  0.001793
  40/19999     1.99G   0.04273    0.0197  0.004249   0.06668         1       640    0.3703    0.8214    0.4875    0.2031   0.04114   0.02045  0.001755
  41/19999     1.99G   0.04196   0.02013  0.004102   0.06619         2       640    0.3467    0.8141    0.4618    0.1915   0.04095   0.02167  0.001776
  42/19999     1.99G   0.04242   0.01969  0.003726   0.06584         2       640    0.3406    0.8508    0.5022    0.2125   0.04044   0.02115  0.001773
  43/19999     1.99G   0.04219   0.01987  0.003913   0.06597         1       640    0.3857    0.8266    0.4665    0.1998   0.04042   0.02097  0.001955
  44/19999     1.99G   0.04173   0.01959  0.003878   0.06519         1       640     0.376    0.8461    0.5028    0.2092    0.0407   0.02035  0.001837
  45/19999     1.99G   0.04188   0.01949   0.00391   0.06529         2       640    0.3526    0.8252    0.4807    0.2069   0.04141   0.02063  0.001787
  46/19999     1.99G   0.04121   0.01971  0.003795   0.06472         1       640    0.3865    0.8302    0.4948    0.2043   0.04035   0.02113   0.00164
  47/19999     1.99G   0.04175   0.02007  0.004665   0.06649         5       640    0.3836    0.8249    0.4787    0.2057    0.0412   0.02103  0.001824
  48/19999     1.99G   0.04157   0.01975  0.004306   0.06562         1       640    0.3873    0.8073    0.4932    0.2102   0.04139   0.02062  0.001962
  49/19999     1.99G   0.04154   0.01962  0.004227   0.06538         2       640     0.401    0.7979    0.4416    0.1881   0.04073   0.02132  0.002052
  50/19999     1.99G   0.04115   0.01967  0.003957   0.06478         4       640    0.3636    0.8122    0.4149    0.1791   0.04086   0.02184  0.002169
  51/19999     1.99G   0.04104   0.01912  0.004014   0.06417         2       640    0.3857     0.799    0.4507    0.2002   0.03991   0.02087  0.001431
  52/19999     1.99G   0.04043   0.01927  0.003782   0.06349         2       640     0.382    0.8115    0.4501    0.1967    0.0408   0.02105  0.001545
  53/19999     1.99G   0.04049    0.0197  0.003748   0.06394         1       640    0.3915    0.8123    0.4812    0.2135    0.0404    0.0211  0.001879
  54/19999     1.99G   0.04074   0.01938  0.003677    0.0638         3       640    0.3747    0.8177    0.4873    0.2263   0.03946   0.02108  0.001871
  55/19999     1.99G   0.04016   0.01919  0.003939    0.0633         2       640    0.3939    0.8204     0.542    0.2424   0.03954   0.02022  0.001736
  56/19999     1.99G   0.03979   0.01922  0.003592    0.0626         1       640    0.3681    0.8506    0.5118     0.215   0.03943   0.02124  0.001555
  57/19999     1.99G    0.0392   0.01909  0.003111   0.06141         0       640    0.3833    0.8476    0.4896    0.2197   0.03954   0.02064  0.001521
  58/19999     1.99G   0.04012   0.01923  0.003765   0.06311         3       640    0.3884    0.8553    0.4862    0.2046   0.03992   0.02073  0.001579
  59/19999     1.99G   0.03981   0.01927  0.003946   0.06302         1       640     0.394    0.8424    0.5481    0.2471    0.0391    0.0205  0.001479
  60/19999     1.99G   0.03946   0.01921  0.003846   0.06252         2       640    0.3855    0.8625    0.5441    0.2505   0.03914   0.01978   0.00165
  61/19999     1.99G   0.03974   0.01932  0.003661   0.06272         4       640    0.3881    0.8449    0.4545    0.1977   0.03978   0.02139   0.00183
  62/19999     1.99G   0.03935   0.01919   0.00377    0.0623         1       640    0.3667    0.8227    0.4837    0.2231   0.04022   0.02113  0.001636
  63/19999     1.99G   0.03931   0.01913  0.003623   0.06206         3       640    0.3909    0.8332    0.4712    0.2124   0.03977    0.0208  0.001639
  64/19999     1.99G   0.03894   0.01914  0.003396   0.06147         0       640    0.3988    0.8382    0.5055    0.2256   0.03947   0.02014  0.001336
  65/19999     1.99G   0.03865   0.01921  0.003725   0.06159         2       640    0.3872    0.8105    0.4573    0.2075   0.03964   0.02123  0.001661
  66/19999     1.99G   0.03917   0.01882  0.003521   0.06152         3       640     0.385    0.8319    0.5125    0.2398   0.03905   0.02034  0.001624
  67/19999     1.99G   0.03836   0.01903   0.00356   0.06095         0       640    0.4003    0.8316    0.4917    0.2295   0.03852   0.02084  0.002074
  68/19999     1.99G    0.0381   0.01873  0.003331   0.06016         1       640    0.4203    0.8607    0.5423    0.2482   0.03823    0.0203  0.001514
  69/19999     1.99G     0.038   0.01842  0.003094   0.05952         3       640    0.4031     0.854    0.5829    0.2723   0.03837   0.01968  0.001494
  70/19999     1.99G   0.03849   0.01863  0.003468   0.06058         1       640    0.4127    0.8613    0.5237    0.2438    0.0383   0.01999  0.001646
  71/19999     1.99G   0.03857   0.01932   0.00349   0.06137         1       640    0.4006    0.8225    0.4931    0.2312   0.03871   0.02084  0.001674
  72/19999     1.99G   0.03853   0.01847   0.00365   0.06065         3       640    0.4051    0.8174    0.4606    0.2095   0.03892    0.0215  0.001803
  73/19999     1.99G    0.0384   0.01849  0.003539   0.06043         2       640    0.3895    0.8427     0.531    0.2557   0.03799   0.02079  0.001908
  74/19999     1.99G   0.03853   0.01846  0.003378   0.06037         4       640    0.4035    0.8497    0.5528    0.2627   0.03763    0.0199  0.001378
  75/19999     1.99G   0.03769   0.01807  0.003415   0.05917         1       640    0.4034    0.8427    0.5293    0.2481   0.03788    0.0204  0.001517
  76/19999     1.99G   0.03764    0.0184  0.003322   0.05937         4       640    0.4182    0.8479    0.5241     0.247   0.03761   0.02032   0.00149
  77/19999     1.99G   0.03769   0.01851  0.003439   0.05964         3       640    0.4031    0.8401    0.5285    0.2504   0.03773   0.02049  0.001732
  78/19999     1.99G   0.03809   0.01888  0.003582   0.06056         1       640    0.4049    0.8197    0.4483    0.2061   0.03898   0.02179  0.001679
  79/19999     1.99G    0.0379   0.01887  0.003582   0.06034         1       640    0.4073    0.8317    0.5563    0.2656   0.03776   0.01991  0.001527
  80/19999     1.99G   0.03744   0.01872  0.003977   0.06013         1       640    0.4027    0.8735    0.6111    0.2851   0.03824   0.01928  0.001181
  81/19999     1.99G   0.03725   0.01854  0.003079   0.05887         2       640    0.4124    0.8395    0.5554    0.2676   0.03809      0.02   0.00136
  82/19999     1.99G   0.03748   0.01824  0.003317   0.05904         0       640    0.4209    0.8322    0.5256    0.2431    0.0384   0.02066  0.001465
  83/19999     1.99G   0.03763   0.01819  0.003182     0.059         1       640    0.4093    0.8483    0.5014    0.2402   0.03781   0.02036  0.001536
  84/19999     1.99G   0.03708   0.01832  0.003271   0.05868         3       640    0.4043    0.8245    0.5084    0.2475   0.03876   0.02062  0.001496
  85/19999     1.99G   0.03659   0.01849  0.003084   0.05816         0       640    0.4104    0.8327    0.5423    0.2588   0.03793   0.02068  0.001468
  86/19999     1.99G   0.03694   0.01828  0.003291   0.05851         2       640    0.4179    0.8262    0.5636    0.2758   0.03702   0.02066  0.001533
  87/19999     1.99G   0.03706   0.01847  0.003343   0.05887         3       640    0.4125    0.8383    0.5511    0.2692   0.03767   0.01993  0.001426
  88/19999     1.99G   0.03725   0.01825  0.003373   0.05887         1       640     0.426    0.8352    0.5293    0.2596   0.03744   0.02049    0.0017
  89/19999     1.99G   0.03622   0.01826  0.003052   0.05753         4       640    0.4119    0.8228    0.5151    0.2407   0.03826   0.02073  0.001432
  90/19999     1.99G    0.0365   0.01779  0.003145   0.05743         3       640    0.4131    0.8543    0.5375    0.2568   0.03757   0.02012  0.001507
  91/19999     1.99G   0.03619   0.01842    0.0034   0.05801         1       640    0.4114    0.8236     0.506    0.2403   0.03725   0.02086  0.001307
  92/19999     1.99G   0.03645   0.01812  0.003077   0.05764         0       640    0.4166    0.8528    0.6098    0.2899   0.03779   0.01937  0.001279
  93/19999     1.99G   0.03656   0.01827  0.003312   0.05814         1       640    0.3987    0.8401    0.4821    0.2329   0.03791   0.02094  0.001383
  94/19999     1.99G    0.0362   0.01848  0.003419   0.05809         2       640    0.3937    0.8215    0.5105    0.2464   0.03787   0.02048  0.001533
  95/19999     1.99G    0.0362   0.01814  0.003234   0.05757         2       640    0.4289    0.8416    0.5169    0.2356   0.03787   0.02087  0.001408
  96/19999     1.99G    0.0359   0.01782  0.002918   0.05664         1       640    0.4278    0.8339    0.5235     0.254   0.03719   0.02061  0.001519
  97/19999     1.99G   0.03577   0.01777  0.002964   0.05651         3       640    0.4121     0.835    0.5321    0.2558   0.03704   0.02079  0.001506
  98/19999     1.99G   0.03578   0.01784  0.002793   0.05642         2       640    0.4179    0.8167    0.5473    0.2601   0.03822    0.0206  0.001591
  99/19999     1.99G   0.03595   0.01814  0.003104   0.05719         2       640    0.4317    0.8653    0.5833     0.284   0.03666   0.01962  0.001315
 100/19999     1.99G   0.03569   0.01765  0.002823   0.05616         3       640    0.4056    0.8296    0.4987    0.2299   0.03785   0.02128  0.001537
 101/19999     1.99G   0.03591   0.01793  0.003007   0.05685         1       640    0.4355    0.8464    0.5555     0.268   0.03682   0.02039  0.001185
 102/19999     1.99G   0.03571    0.0179  0.003043   0.05665         1       640    0.4279    0.8581    0.5918    0.2883   0.03694    0.0201  0.001223
 103/19999     1.99G   0.03564   0.01756  0.003281   0.05648         1       640    0.4183     0.829    0.5125    0.2499   0.03762   0.02062   0.00161
 104/19999     1.99G   0.03566   0.01781  0.002854   0.05632         1       640    0.4217    0.8323     0.511    0.2468   0.03769   0.02067  0.001343
 105/19999     1.99G   0.03517   0.01795  0.002817   0.05594         1       640    0.4403    0.8551     0.559    0.2657   0.03734    0.0204  0.001508
 106/19999     1.99G   0.03594   0.01719  0.002933   0.05606         2       640     0.425    0.8212    0.5182    0.2486   0.03748    0.0213  0.001492
 107/19999     1.99G   0.03542   0.01813  0.002997   0.05655         1       640    0.4222    0.8508    0.5739    0.2793   0.03661   0.02006  0.001384
 108/19999     1.99G   0.03556   0.01774  0.003033   0.05634         2       640    0.4273    0.8437    0.5644    0.2696    0.0369   0.02036  0.001204
 109/19999     1.99G   0.03564   0.01763  0.003206   0.05648         2       640    0.4227    0.8428    0.5411    0.2711    0.0367   0.02031  0.001394
 110/19999     1.99G   0.03572   0.01777  0.002821   0.05632         4       640    0.4276    0.8584    0.5489    0.2754   0.03686   0.02006  0.001241
 111/19999     1.99G   0.03532   0.01763  0.002875   0.05583         1       640    0.4214    0.8337    0.5236    0.2606   0.03674   0.02089  0.001455
 112/19999     1.99G   0.03545   0.01792  0.003082   0.05645         1       640    0.4065    0.8158    0.5346      0.27   0.03691   0.02048  0.001474
 113/19999     1.99G   0.03505    0.0176  0.002881   0.05553         2       640    0.4189    0.8355    0.5676    0.2752   0.03739   0.01997  0.001557
 114/19999     1.99G   0.03504   0.01774  0.002904   0.05569         2       640    0.4237    0.8209    0.5294    0.2617   0.03703   0.02098  0.001507
 115/19999     1.99G   0.03463   0.01732   0.00324   0.05519         2       640    0.4259    0.8262    0.5547    0.2784   0.03683   0.02018  0.001577
 116/19999     1.99G   0.03532   0.01754  0.003191   0.05605         3       640    0.4249    0.8523    0.5431     0.269   0.03657   0.02043  0.001655
 117/19999     1.99G   0.03473   0.01716  0.003052   0.05494         2       640    0.4291    0.8519    0.5501    0.2774   0.03638    0.0203   0.00138
 118/19999     1.99G   0.03488   0.01726  0.002928   0.05507         1       640     0.443    0.8482    0.6004    0.2956   0.03635    0.0197  0.001218
 119/19999     1.99G   0.03499    0.0171  0.002853   0.05495         1       640    0.4222    0.8439    0.5459    0.2753   0.03679   0.02064  0.001389
 120/19999     1.99G   0.03506   0.01726  0.002809   0.05513         2       640    0.4286    0.8299    0.5689     0.294   0.03586   0.01995  0.001602
 121/19999     1.99G   0.03508   0.01731  0.002896   0.05528         1       640    0.4228    0.8498    0.5656    0.2861   0.03623   0.02013   0.00151
 122/19999     1.99G   0.03528   0.01715  0.003013   0.05544         1       640     0.424    0.8405    0.5579    0.2743   0.03635   0.02015  0.001369
 123/19999     1.99G   0.03451   0.01731  0.002858   0.05467         4       640     0.421    0.8255    0.5558    0.2772   0.03671    0.0206  0.001286
 124/19999     1.99G   0.03421   0.01751  0.003172    0.0549         0       640    0.4245    0.8363    0.5599    0.2788   0.03593   0.02057  0.001565
 125/19999     1.99G   0.03487   0.01748  0.003266   0.05562         2       640    0.4312     0.843    0.5334    0.2662   0.03606   0.02063  0.001457
 126/19999     1.99G   0.03408   0.01697  0.002936   0.05398         0       640    0.4394    0.8429    0.5491    0.2738   0.03556   0.02086   0.00123
 127/19999     1.99G    0.0345   0.01714  0.002792   0.05443         1       640     0.424    0.8396    0.5578    0.2834   0.03619   0.02035  0.001303
 128/19999     1.99G   0.03498   0.01752  0.003183   0.05569         1       640    0.4299    0.8449    0.5685    0.2791   0.03627   0.01967  0.001176
 129/19999     1.99G   0.03484   0.01742  0.002989   0.05525         1       640     0.425    0.8407     0.562    0.2791   0.03663   0.01972  0.001116
 130/19999     1.99G    0.0344   0.01731   0.00272   0.05443         0       640    0.4352    0.8333    0.5362    0.2645   0.03692   0.02035  0.001264
 131/19999     1.99G   0.03444   0.01709  0.002969    0.0545         1       640    0.4294    0.8292    0.5515     0.275   0.03648   0.02108  0.001368
 132/19999     1.99G   0.03415   0.01684  0.002747   0.05373         5       640    0.4322    0.8352    0.5647     0.281   0.03622   0.02091  0.001425
 133/19999     1.99G   0.03417   0.01692  0.002829   0.05392         0       640    0.4283    0.8312    0.5581    0.2809   0.03636   0.02088  0.001227
 134/19999     1.99G   0.03476   0.01717  0.003465   0.05539         4       640    0.4309    0.8365    0.5381     0.272   0.03643    0.0209  0.001304
 135/19999     1.99G   0.03413   0.01693  0.002961   0.05402         1       640    0.4392    0.8628    0.5375     0.271   0.03582   0.02089  0.001186
 136/19999     1.99G   0.03429   0.01727  0.002755   0.05432         2       640    0.4328    0.8507    0.5512    0.2812   0.03574   0.02034  0.001203
 137/19999     1.99G   0.03424   0.01681  0.002953     0.054         1       640    0.4332    0.8467    0.5552    0.2796   0.03601   0.02066  0.001118
 138/19999     1.99G   0.03435    0.0168  0.002914   0.05406         1       640    0.4515    0.8571    0.5983    0.3022    0.0356   0.01996  0.001181
 139/19999     1.99G   0.03391   0.01694  0.002768   0.05362         4       640    0.4402    0.8497    0.5894    0.3009   0.03567   0.02001  0.001128
 140/19999     1.99G   0.03419   0.01667  0.002967   0.05383         3       640    0.4405    0.8535    0.5793    0.2919   0.03579   0.02012   0.00117
 141/19999     1.99G    0.0342   0.01717  0.002822   0.05419         1       640    0.4413    0.8602    0.5607    0.2821   0.03604    0.0203  0.001077
 142/19999     1.99G   0.03429   0.01712  0.003105   0.05452         2       640    0.4364    0.8586    0.5598    0.2765   0.03606   0.02045  0.001138
 143/19999     1.99G   0.03402   0.01713  0.002931   0.05408         2       640    0.4355    0.8283    0.5464    0.2731   0.03627   0.02086  0.001388
 144/19999     1.99G   0.03379   0.01669  0.002753   0.05323         1       640    0.4435    0.8406    0.5499    0.2761   0.03605   0.02066  0.001406
 145/19999     1.99G     0.034   0.01703  0.002812   0.05384         3       640     0.437    0.8417    0.5723    0.2877   0.03604   0.02053  0.001284
 146/19999     1.99G   0.03383   0.01682  0.002609   0.05326         2       640    0.4366    0.8559    0.5594    0.2798   0.03591   0.02055  0.001173
 147/19999     1.99G   0.03337   0.01655  0.002698   0.05263         2       640    0.4401    0.8556     0.554    0.2788   0.03578   0.02091  0.001286
 148/19999     1.99G   0.03344   0.01686  0.002965   0.05326         1       640    0.4288    0.8409    0.5478    0.2843   0.03537   0.02083  0.001229
 149/19999     1.99G   0.03383   0.01658  0.003025   0.05344         1       640    0.4334    0.8334    0.5452     0.281   0.03546   0.02108  0.001399
 150/19999     1.99G   0.03361    0.0165   0.00272   0.05283         1       640    0.4404    0.8376     0.555    0.2875    0.0355   0.02107  0.001385
 151/19999     1.99G   0.03314   0.01684  0.002581   0.05257         1       640    0.4358    0.8356    0.5642    0.2914   0.03564   0.02076  0.001401
 152/19999     1.99G   0.03358   0.01675  0.002804   0.05313         1       640    0.4244    0.8343    0.5441    0.2815   0.03546   0.02117  0.001469
 153/19999     1.99G   0.03332   0.01667  0.002588   0.05258         4       640    0.4213    0.8594     0.566    0.2927   0.03521   0.02023  0.001393
 154/19999     1.99G   0.03271   0.01642  0.002541   0.05167         2       640    0.4203    0.8449    0.5603    0.2937   0.03528   0.02024  0.001334
 155/19999     1.99G   0.03357   0.01662  0.002661   0.05285         1       640     0.425    0.8505    0.5828    0.2993    0.0353   0.02021  0.001264
 156/19999     1.99G   0.03339   0.01646  0.002785   0.05263         2       640    0.4368    0.8607    0.6054    0.3138   0.03526   0.02007  0.001265
 157/19999     1.99G   0.03347   0.01672  0.002483   0.05268         1       640    0.4313    0.8492    0.5771    0.3007   0.03538   0.02018  0.001192
 158/19999     1.99G   0.03304   0.01624  0.002527    0.0518         2       640    0.4388    0.8642    0.5685    0.2945   0.03518   0.02061  0.001121
 159/19999     1.99G   0.03313   0.01646  0.002983   0.05257         3       640    0.4407    0.8669    0.5804    0.2981   0.03496   0.02025  0.001086
 160/19999     1.99G   0.03312   0.01664  0.002646    0.0524         1       640    0.4391    0.8538    0.5809    0.3043   0.03502   0.01992  0.001099
 161/19999     1.99G   0.03334    0.0165  0.002565    0.0524         0       640    0.4304     0.847    0.5654     0.293   0.03529   0.02045    0.0012
 162/19999     1.99G   0.03272   0.01645   0.00264   0.05181         2       640    0.4282    0.8382    0.5579    0.2911   0.03554   0.02101  0.001212
 163/19999     1.99G   0.03312   0.01645  0.002565   0.05213         0       640    0.4303    0.8456    0.5633    0.2902    0.0354   0.02098  0.001251
 164/19999     1.99G   0.03357   0.01607  0.002983   0.05263         1       640    0.4309    0.8372     0.552    0.2872   0.03505   0.02132  0.001233
 165/19999     1.99G   0.03315   0.01638  0.002799   0.05232         0       640    0.4353    0.8471     0.555    0.2933   0.03483   0.02113  0.001289
 166/19999     1.99G   0.03247   0.01605  0.002397   0.05092         1       640     0.434    0.8457    0.5659    0.3001   0.03469   0.02081  0.001393
